{
 "cells": [
  {
   "cell_type": "code",
   "execution_count": 1,
   "metadata": {},
   "outputs": [],
   "source": [
    "#se importan los paquetes necesarios\n",
    "import matplotlib.pyplot as plt\n",
    "import matplotlib.colors as mcolors\n",
    "import numpy as np\n",
    "from ipywidgets import interact\n",
    "from sympy.solvers import solve, linsolve\n",
    "from sympy import Symbol\n",
    "from sympy import symarray\n",
    "from itertools import combinations"
   ]
  },
  {
   "cell_type": "code",
   "execution_count": 2,
   "metadata": {},
   "outputs": [],
   "source": [
    "#se crea la función que calculará r efectiva\n",
    "def f_reff(i,x,params):\n",
    "    r,b,c = params\n",
    "    \n",
    "    N=len(r)\n",
    "        \n",
    "    r_eff = r[i] \n",
    "    for j in range(N):\n",
    "        r_eff = r_eff + b[i][j]*x[j]\n",
    "        \n",
    "    return r_eff"
   ]
  },
  {
   "cell_type": "code",
   "execution_count": 3,
   "metadata": {},
   "outputs": [],
   "source": [
    "#encontrar las soluciones estacionarias de las ecuaciones de r_eff y las combinaciones de x=1/c\n",
    "def solut_fact_reff_Nsp2(params):\n",
    "    r,b,c = params  #se introducen los parámetros en el modelo\n",
    "    N=len(r)\n",
    "    \n",
    "    if any(c[i]==0 for i in range(N)):  #se comprueba que ningun valor de c sea 0\n",
    "        print('c=0')\n",
    "        return\n",
    "\n",
    "    x=symarray(\"x\", N)\n",
    "    #se generan listas donde posteriormente se almacenarán diversos datos de interés\n",
    "    r_ef=[]\n",
    "    x_n=[]\n",
    "    dx_n=[]\n",
    "    sols=[]\n",
    "    Sols=[]\n",
    "    Sols_dict={}\n",
    "    ind_cc_dict={}  # diccionario que contiene 0/1 para cada combinación, siendo 1: variable=1/c\n",
    "    \n",
    "    for i in range(N):\n",
    "        r_eff = r[i] \n",
    "        for j in range(N):\n",
    "            r_eff = r_eff + b[i][j]*x[j]  #se calcula r efectiva\n",
    "        dx = r_eff * x[i]*(1-c[i]*x[i])   #se crea la ecuación con esa r efectiva\n",
    "        r_ef.append(r_eff)  #se almacena la r efectiva\n",
    "        dx_n.append(dx)   #se almacena toda la ecuación para esa especie\n",
    "        x_n.append(x[i])  #se guarda la especie que ese esta estudiando, por ejemplo x_1\n",
    "    \n",
    "    sol_cc = [1./c[i] for i in range(N)] #se calculan las carrying capacities \n",
    "        \n",
    "    for nfix in range(0,N): #Se evaluarán las combinaciones posibles cogiendo desde 1 especie hasta N-1 especies, que será el total         \n",
    "        comb_fix = np.math.factorial(N)/(np.math.factorial(nfix)*np.math.factorial(N-nfix))\n",
    "        combinat = list(combinations(range(N),nfix)) #se generan las combinaciones de 0 y 1 para nfix, siendo 1 las especies que están en carrying capacity\n",
    "        Sols=[]\n",
    "        ind_cc=[]\n",
    "        for list_fix in combinat:           \n",
    "            i_cc=[]        \n",
    "            Eqs=[]\n",
    "            Xs=[]        \n",
    "            i_cc = [ 1 if i in list_fix else 0 for i in range(N)]\n",
    "            for i in range(N):\n",
    "                if i not in list_fix: #se calculan las ecuaciones de las variables que no están en carrying capacity\n",
    "                    eq = r_ef[i]\n",
    "                    for k in list_fix:\n",
    "                        eq = eq.subs({x[k]:sol_cc[k]})\n",
    "                    Eqs.append(eq) #se almacena la ecuación generada\n",
    "                    Xs.append(x[i])                  \n",
    "                        \n",
    "            sol_lin = next(iter(linsolve(Eqs,Xs))) #se resuelven las ecuaciones\n",
    "            sol=[]\n",
    "            for s in sol_lin:\n",
    "                sol.append(s)  #se almacenan las soluciones\n",
    "        \n",
    "            if sol: #se generará la solución completa, mezclando las soluciones calculadas y las que estan en carrying capacity\n",
    "                j = 0\n",
    "                i_cc = [0 for i in range(N)]\n",
    "                X_fin=[]\n",
    "                for i in range(N):                    \n",
    "                    if i in list_fix:\n",
    "                        X_fin.append(sol_cc[i])\n",
    "                        i_cc[i]=1  #está en carrying capacity\n",
    "                    else:\n",
    "                        X_fin.append(np.float(sol[j]))\n",
    "                        j +=1\n",
    "                        i_cc[i]=0  #no está en carrying capacity\n",
    "                        \n",
    "                Sols.append(X_fin)  #se almacena la solución entera\n",
    "                ind_cc.append(i_cc) #se almacená el vector con las especies que están en carrying capacity\n",
    "                                \n",
    "        Sols_dict[nfix]= Sols                                \n",
    "        ind_cc_dict[nfix] = ind_cc\n",
    "        \n",
    "    Sols_dict[N] = [ [sol_cc[i] for i in range(N)] ]\n",
    "    ind_cc_dict[N] = [[1 for i in range(N)]]\n",
    "    \n",
    "    Sols_uniq_dict={}\n",
    "    ind_cc_uniq_dict={}\n",
    "    for nfix in range(0,N+1):\n",
    "        ss=0\n",
    "        Sols_uniq=[]\n",
    "        ind_cc_uniq=[]\n",
    "        for s in Sols_dict[nfix]:\n",
    "            if s not in Sols_uniq:    #se eliminan posiibles soluciones repetidas        \n",
    "                if all([s[i]>0 for i in range(N) if len(s)>1]):  #se comprueba que todos los valores de la solción sean mayores que 0\n",
    "                    Sols_uniq.append(s)\n",
    "                    ind_cc_uniq.append(ind_cc_dict[nfix][ss])\n",
    "            ss +=1\n",
    "            \n",
    "        Sols_uniq_dict[nfix]=Sols_uniq   #lista de soluciones con todos sus valores por encima de 0\n",
    "        ind_cc_uniq_dict[nfix]=ind_cc_uniq   #lista de vectores que indican qué especies estan en la carrying capacity en cada solución\n",
    "        #print('nfix: ',nfix)\n",
    "        #print('Sols_unique_dict: ', Sols_uniq_dict[nfix])\n",
    "        #print('ind_cc_uniq_dict: ', ind_cc_uniq_dict[nfix])\n",
    "    \n",
    "    return(Sols_uniq_dict, ind_cc_uniq_dict)"
   ]
  },
  {
   "cell_type": "code",
   "execution_count": 4,
   "metadata": {},
   "outputs": [],
   "source": [
    "#función que calcula la matriz Jacobiana cuando ninguna especie está en carrying capacity\n",
    "def Jacobian_fact_X0_Nsp(X,params):\n",
    "    r,b,c = params\n",
    "    \n",
    "    N=len(r)\n",
    "    JJ = np.ndarray(shape=(N,N), dtype=float)\n",
    "    \n",
    "    for i in range(N):\n",
    "        for j in range(N):\n",
    "            JJ[i][j] = b[i][j]*X[i]*(1. - c[i]*X[i]) #se calcula cada valor de la matriz\n",
    "    \n",
    "    return JJ"
   ]
  },
  {
   "cell_type": "code",
   "execution_count": 5,
   "metadata": {},
   "outputs": [],
   "source": [
    "#función que calcula la matriz Jacobiana cuando todas las especies están en carrying capacity\n",
    "def Jacobian_fact_1C_Nsp(X,params):\n",
    "    r,b,c = params\n",
    "    \n",
    "    N=len(r)\n",
    "    x_c= np.zeros((N,))\n",
    "    r_eff = np.zeros((N,))\n",
    "\n",
    "    for i in range(N):\n",
    "        r_eff[i]=f_reff(i,X,params)\n",
    "        \n",
    "    JJ = np.zeros(shape=(N,N), dtype=float) #se genera la matriz con todos los valores como 0\n",
    "    for i in range(N):\n",
    "            JJ[i][i] = -r_eff[i]  #se calcula la diagonal de la matriz que será la única que no sea 0\n",
    "    return JJ"
   ]
  },
  {
   "cell_type": "code",
   "execution_count": 6,
   "metadata": {},
   "outputs": [],
   "source": [
    "#función que calcula la matriz Jacobiana cuando hay mezcla de especies en carrying capacity y especies que no.\n",
    "def Jacobian_fact_1C_X_Nsp(X,cc,params):\n",
    "    r,b,c = params\n",
    "    \n",
    "    N=len(r)\n",
    "    JJ_cc = np.zeros(shape=(N,N), dtype=float)  #se genera una matriz con todos los valores como 0\n",
    "    for i in range(N): #para cada fila se estudia cada caso\n",
    "        if cc[i]: #en carrying capacity\n",
    "            for j in range(N):\n",
    "                if j == i:\n",
    "                    JJ_cc[i][j] = -f_reff(j,X,params)  #se calcula el valor para esa posición\n",
    "                    \n",
    "        else:  #no en carrying capacity\n",
    "            for j in range(N):\n",
    "                JJ_cc[i][j] = b[i][j]*X[i]*(1.-c[i]*X[i]) #se calcula el valor para esa posición\n",
    "\n",
    "    return JJ_cc"
   ]
  },
  {
   "cell_type": "code",
   "execution_count": 7,
   "metadata": {},
   "outputs": [],
   "source": [
    "#función que permite calcular los autovectores de cada solución\n",
    "def lambdas_fact_X_icc_Nsp(X,i_cc,params):\n",
    "    list_0 = []\n",
    "    list_1 = []\n",
    "    for i in range(len(params[0])):\n",
    "        list_0.append(0) \n",
    "        list_1.append(1)\n",
    "    if i_cc == list_0:  #ninguna especie esta en carrying capacity\n",
    "        JJ = Jacobian_fact_X0_Nsp(X,params)\n",
    "    elif i_cc == list_1:    #todas las especies estan en carrying capacity    \n",
    "        JJ = Jacobian_fact_1C_Nsp(X,params)\n",
    "    else:   #mezcla de especies en carrying capacity\n",
    "        JJ = Jacobian_fact_1C_X_Nsp (X,i_cc,params)\n",
    "  \n",
    "\n",
    "    lambdas=np.linalg.eigvals(JJ) #se calculan los autovalores\n",
    "    return lambdas"
   ]
  },
  {
   "cell_type": "markdown",
   "metadata": {},
   "source": [
    "### Población 1 (Primer Dataset del artículo)"
   ]
  },
  {
   "cell_type": "code",
   "execution_count": 8,
   "metadata": {},
   "outputs": [
    {
     "name": "stdout",
     "output_type": "stream",
     "text": [
      "[[100.0, 100.0, 100.0, 100.0, 100.0, 100.0, 100.0, 100.0, 100.0]]\n",
      "[[-0.2999999869000049, -0.2499999733999978, -0.3600000025699992, -0.5200000076000002, -0.5900000006, -0.4599999965499998, -0.82000000062, -0.4399999630000002, -0.21999994439999604]]\n"
     ]
    }
   ],
   "source": [
    "#se calcula la solución estacionaria y sus autovalores para ver si existe solución estable\n",
    "r=[0.3, 0.25, 0.36, 0.52, 0.59, 0.46, 0.82, 0.44, 0.22]\n",
    "b=[[ 2.43435886e-01, -1.95732475e-01,  4.90237021e-03,\n",
    "         2.91866825e-02,  3.07150441e-04, -1.41175550e-02,\n",
    "        -3.87079546e-04, -6.74236647e-02, -1.71315036e-04],\n",
    "       [-1.95732475e-01,  5.64028304e-01, -8.42092410e-02,\n",
    "        -6.22121972e-02, -7.16102756e-04, -1.11119735e-02,\n",
    "        -3.36312141e-03, -4.65794894e-02, -1.60103704e-01],\n",
    "       [ 4.90237021e-03, -8.42092410e-02,  3.69714717e-02,\n",
    "        -1.73893690e-02, -9.50485010e-04,  5.58443229e-04,\n",
    "        -4.88200033e-05,  2.32359618e-02,  3.69296681e-02],\n",
    "       [ 2.91866825e-02, -6.22121972e-02, -1.73893690e-02,\n",
    "         6.93676410e-02,  1.89860271e-03,  1.09355460e-02,\n",
    "         5.65232836e-04, -2.61723857e-02, -6.17975307e-03],\n",
    "       [ 3.07150441e-04, -7.16102756e-04, -9.50485010e-04,\n",
    "         1.89860271e-03,  5.04159022e-04,  6.05459155e-05,\n",
    "        -9.55755065e-05, -1.17595178e-03,  1.67656970e-04],\n",
    "       [-1.41175550e-02, -1.11119735e-02,  5.58443229e-04,\n",
    "         1.09355460e-02,  6.05459155e-05,  1.49270030e-02,\n",
    "         2.02974391e-04, -7.40260657e-03,  5.94762250e-03],\n",
    "       [-3.87079546e-04, -3.36312141e-03, -4.88200033e-05,\n",
    "         5.65232836e-04, -9.55755065e-05,  2.02974391e-04,\n",
    "         1.48116485e-04,  1.45061388e-03,  1.52765888e-03],\n",
    "       [-6.74236647e-02, -4.65794894e-02,  2.32359618e-02,\n",
    "        -2.61723857e-02, -1.17595178e-03, -7.40260657e-03,\n",
    "         1.45061388e-03,  1.43869444e-01, -1.98019219e-02],\n",
    "       [-1.71315036e-04, -1.60103704e-01,  3.69296681e-02,\n",
    "        -6.17975307e-03,  1.67656970e-04,  5.94762250e-03,\n",
    "         1.52765888e-03, -1.98019219e-02,  1.41684087e-01]]\n",
    "c=[0.01, 0.01, 0.01, 0.01, 0.01, 0.01, 0.01, 0.01, 0.01]\n",
    "N= len(r)    \n",
    "params=(r,b,c)\n",
    "sols_fact_dict, sols_cc_dict = solut_fact_reff_Nsp2(params)  #se calculan las soluciones estacionarias\n",
    "X_finite=[]\n",
    "Xss=[]\n",
    "Lss=[]\n",
    "for (ns,list_sols),(ni,list_cc) in zip(sols_fact_dict.items(), sols_cc_dict.items()):\n",
    "    if list_sols:        \n",
    "        for X,i_cc in zip(list_sols,list_cc): #se barre la lista de soluciones y de vectores de carrying capacity\n",
    "            X_finite.append(X)\n",
    "            lambdas = lambdas_fact_X_icc_Nsp(X,i_cc,params) #se calculan los autovalores\n",
    "            if all(lambdas[i].real<0 for i in range(len(lambdas))): #se mira si todos tienen parte real negativa\n",
    "                Xss.append([X[i] for i in range(len(X))])  #se almacena la solución estable\n",
    "                Lss.append([lambdas[i] for i in range(len(lambdas))])    #se almacena qué especies están en carrying capacity en esa solución\n",
    "\n",
    "if len (Xss) != 0:\n",
    "    print (Xss)    #se muestra la solución estable\n",
    "    print (Lss)    #se muestran los autovalores de dicha solución"
   ]
  },
  {
   "cell_type": "code",
   "execution_count": 13,
   "metadata": {},
   "outputs": [
    {
     "name": "stdout",
     "output_type": "stream",
     "text": [
      "0 1\n",
      "-0.195732475 -> 0.195732475\n",
      "[[100.0, 100.0, 100.0, 100.0, 100.0, 100.0, 100.0, 100.0, 100.0]]\n",
      "[[-39.4464949869, -39.396494973399996, -0.3600000025699992, -0.5200000076000002, -0.5900000006, -0.4599999965499998, -0.82000000062, -0.4399999630000002, -0.21999994439999604]]\n",
      "MAS ESTABLE\n",
      "0 2\n",
      "0.00490237021 -> -0.00490237021\n",
      "0 3\n",
      "0.0291866825 -> -0.0291866825\n",
      "0 4\n",
      "0.000307150441 -> -0.000307150441\n",
      "[[100.0, 100.0, 100.0, 100.0, 100.0, 100.0, 100.0, 100.0, 100.0]]\n",
      "[[-0.23856989870000328, -0.2499999733999978, -0.3600000025699992, -0.5200000076000002, -0.5285699124, -0.4599999965499998, -0.82000000062, -0.4399999630000002, -0.21999994439999604]]\n",
      "0 5\n",
      "-0.014117555 -> 0.014117555\n",
      "[[100.0, 100.0, 100.0, 100.0, 100.0, 100.0, 100.0, 100.0, 100.0]]\n",
      "[[-3.1235109869000057, -0.2499999733999978, -0.3600000025699992, -0.5200000076000002, -0.5900000006, -3.28351099655, -0.82000000062, -0.4399999630000002, -0.21999994439999604]]\n",
      "MAS ESTABLE\n",
      "0 6\n",
      "-0.000387079546 -> 0.000387079546\n",
      "[[100.0, 100.0, 100.0, 100.0, 100.0, 100.0, 100.0, 100.0, 100.0]]\n",
      "[[-0.37741589610000575, -0.2499999733999978, -0.3600000025699992, -0.5200000076000002, -0.5900000006, -0.4599999965499998, -0.8974159098200002, -0.4399999630000002, -0.21999994439999604]]\n",
      "MAS ESTABLE\n",
      "0 7\n",
      "-0.0674236647 -> 0.0674236647\n",
      "[[100.0, 100.0, 100.0, 100.0, 100.0, 100.0, 100.0, 100.0, 100.0]]\n",
      "[[-13.784732926900004, -0.2499999733999978, -0.3600000025699992, -0.5200000076000002, -0.5900000006, -0.4599999965499998, -0.82000000062, -13.924732903, -0.21999994439999604]]\n",
      "MAS ESTABLE\n",
      "0 8\n",
      "-0.000171315036 -> 0.000171315036\n",
      "[[100.0, 100.0, 100.0, 100.0, 100.0, 100.0, 100.0, 100.0, 100.0]]\n",
      "[[-0.3342629941000049, -0.2499999733999978, -0.3600000025699992, -0.5200000076000002, -0.5900000006, -0.4599999965499998, -0.82000000062, -0.4399999630000002, -0.2542629515999959]]\n",
      "1 2\n",
      "-0.084209241 -> 0.084209241\n",
      "[[100.0, 100.0, 100.0, 100.0, 100.0, 100.0, 100.0, 100.0, 100.0]]\n",
      "[[-0.2999999869000049, -17.091848173400006, -17.20184820257, -0.5200000076000002, -0.5900000006, -0.4599999965499998, -0.82000000062, -0.4399999630000002, -0.21999994439999604]]\n",
      "MAS ESTABLE\n",
      "1 3\n",
      "-0.0622121972 -> 0.0622121972\n",
      "[[100.0, 100.0, 100.0, 100.0, 100.0, 100.0, 100.0, 100.0, 100.0]]\n",
      "[[-0.2999999869000049, -12.692439413400002, -0.3600000025699992, -12.962439447600001, -0.5900000006, -0.4599999965499998, -0.82000000062, -0.4399999630000002, -0.21999994439999604]]\n",
      "MAS ESTABLE\n",
      "1 4\n",
      "-0.000716102756 -> 0.000716102756\n",
      "[[100.0, 100.0, 100.0, 100.0, 100.0, 100.0, 100.0, 100.0, 100.0]]\n",
      "[[-0.2999999869000049, -0.39322052460000023, -0.3600000025699992, -0.5200000076000002, -0.7332205518, -0.4599999965499998, -0.82000000062, -0.4399999630000002, -0.21999994439999604]]\n",
      "1 5\n",
      "-0.0111119735 -> 0.0111119735\n",
      "[[100.0, 100.0, 100.0, 100.0, 100.0, 100.0, 100.0, 100.0, 100.0]]\n",
      "[[-0.2999999869000049, -2.4723946734, -0.3600000025699992, -0.5200000076000002, -0.5900000006, -2.6823946965500003, -0.82000000062, -0.4399999630000002, -0.21999994439999604]]\n",
      "MAS ESTABLE\n",
      "1 6\n",
      "-0.00336312141 -> 0.00336312141\n",
      "[[100.0, 100.0, 100.0, 100.0, 100.0, 100.0, 100.0, 100.0, 100.0]]\n",
      "[[-0.2999999869000049, -0.9226242553999988, -0.3600000025699992, -0.5200000076000002, -0.5900000006, -0.4599999965499998, -1.4926242826199998, -0.4399999630000002, -0.21999994439999604]]\n",
      "MAS ESTABLE\n",
      "1 7\n",
      "-0.0465794894 -> 0.0465794894\n",
      "[[100.0, 100.0, 100.0, 100.0, 100.0, 100.0, 100.0, 100.0, 100.0]]\n",
      "[[-0.2999999869000049, -9.5658978534, -0.3600000025699992, -0.5200000076000002, -0.5900000006, -0.4599999965499998, -0.82000000062, -9.755897843000001, -0.21999994439999604]]\n",
      "MAS ESTABLE\n",
      "1 8\n",
      "-0.160103704 -> 0.160103704\n",
      "[[100.0, 100.0, 100.0, 100.0, 100.0, 100.0, 100.0, 100.0, 100.0]]\n",
      "[[-0.2999999869000049, -32.27074077340001, -0.3600000025699992, -0.5200000076000002, -0.5900000006, -0.4599999965499998, -0.82000000062, -0.4399999630000002, -32.24074074440001]]\n",
      "MAS ESTABLE\n",
      "2 3\n",
      "-0.017389369 -> 0.017389369\n",
      "[[100.0, 100.0, 100.0, 100.0, 100.0, 100.0, 100.0, 100.0, 100.0]]\n",
      "[[-0.2999999869000049, -0.2499999733999978, -3.8378738025699994, -3.9978738075999996, -0.5900000006, -0.4599999965499998, -0.82000000062, -0.4399999630000002, -0.21999994439999604]]\n",
      "MAS ESTABLE\n",
      "2 4\n",
      "-0.00095048501 -> 0.00095048501\n",
      "[[100.0, 100.0, 100.0, 100.0, 100.0, 100.0, 100.0, 100.0, 100.0]]\n",
      "[[-0.2999999869000049, -0.2499999733999978, -0.5500970045699991, -0.5200000076000002, -0.7800970026000001, -0.4599999965499998, -0.82000000062, -0.4399999630000002, -0.21999994439999604]]\n",
      "2 5\n",
      "0.000558443229 -> -0.000558443229\n",
      "[[100.0, 100.0, 100.0, 100.0, 100.0, 100.0, 100.0, 100.0, 100.0]]\n",
      "[[-0.2999999869000049, -0.2499999733999978, -0.24831135676999994, -0.5200000076000002, -0.5900000006, -0.3483113507499997, -0.82000000062, -0.4399999630000002, -0.21999994439999604]]\n",
      "2 6\n",
      "-4.88200033e-05 -> 4.88200033e-05\n",
      "[[100.0, 100.0, 100.0, 100.0, 100.0, 100.0, 100.0, 100.0, 100.0]]\n",
      "[[-0.2999999869000049, -0.2499999733999978, -0.3697640032299998, -0.5200000076000002, -0.5900000006, -0.4599999965499998, -0.82976400128, -0.4399999630000002, -0.21999994439999604]]\n",
      "MAS ESTABLE\n",
      "2 7\n",
      "0.0232359618 -> -0.0232359618\n",
      "2 8\n",
      "0.0369296681 -> -0.0369296681\n",
      "3 4\n",
      "0.00189860271 -> -0.00189860271\n",
      "[[100.0, 100.0, 100.0, 100.0, 100.0, 100.0, 100.0, 100.0, 100.0]]\n",
      "[[-0.2999999869000049, -0.2499999733999978, -0.3600000025699992, -0.14027946559999993, -0.2102794586, -0.4599999965499998, -0.82000000062, -0.4399999630000002, -0.21999994439999604]]\n",
      "3 5\n",
      "0.010935546 -> -0.010935546\n",
      "3 6\n",
      "0.000565232836 -> -0.000565232836\n",
      "[[100.0, 100.0, 100.0, 100.0, 100.0, 100.0, 100.0, 100.0, 100.0]]\n",
      "[[-0.2999999869000049, -0.2499999733999978, -0.3600000025699992, -0.4069534404000006, -0.5900000006, -0.4599999965499998, -0.7069534334199999, -0.4399999630000002, -0.21999994439999604]]\n",
      "3 7\n",
      "-0.0261723857 -> 0.0261723857\n",
      "[[100.0, 100.0, 100.0, 100.0, 100.0, 100.0, 100.0, 100.0, 100.0]]\n",
      "[[-0.2999999869000049, -0.2499999733999978, -0.3600000025699992, -5.7544771476, -0.5900000006, -0.4599999965499998, -0.82000000062, -5.674477102999999, -0.21999994439999604]]\n",
      "MAS ESTABLE\n",
      "3 8\n",
      "-0.00617975307 -> 0.00617975307\n",
      "[[100.0, 100.0, 100.0, 100.0, 100.0, 100.0, 100.0, 100.0, 100.0]]\n",
      "[[-0.2999999869000049, -0.2499999733999978, -0.3600000025699992, -1.7559506216000003, -0.5900000006, -0.4599999965499998, -0.82000000062, -0.4399999630000002, -1.455950558399996]]\n",
      "MAS ESTABLE\n",
      "4 5\n",
      "6.05459155e-05 -> -6.05459155e-05\n",
      "[[100.0, 100.0, 100.0, 100.0, 100.0, 100.0, 100.0, 100.0, 100.0]]\n",
      "[[-0.2999999869000049, -0.2499999733999978, -0.3600000025699992, -0.5200000076000002, -0.5778908175, -0.4478908134499998, -0.82000000062, -0.4399999630000002, -0.21999994439999604]]\n",
      "4 6\n",
      "-9.55755065e-05 -> 9.55755065e-05\n",
      "[[100.0, 100.0, 100.0, 100.0, 100.0, 100.0, 100.0, 100.0, 100.0]]\n",
      "[[-0.2999999869000049, -0.2499999733999978, -0.3600000025699992, -0.5200000076000002, -0.6091151019, -0.4599999965499998, -0.83911510192, -0.4399999630000002, -0.21999994439999604]]\n",
      "MAS ESTABLE\n",
      "4 7\n",
      "-0.00117595178 -> 0.00117595178\n",
      "[[100.0, 100.0, 100.0, 100.0, 100.0, 100.0, 100.0, 100.0, 100.0]]\n",
      "[[-0.2999999869000049, -0.2499999733999978, -0.3600000025699992, -0.5200000076000002, -0.8251903566, -0.4599999965499998, -0.82000000062, -0.6751903190000006, -0.21999994439999604]]\n",
      "MAS ESTABLE\n",
      "4 8\n",
      "0.00016765697 -> -0.00016765697\n",
      "[[100.0, 100.0, 100.0, 100.0, 100.0, 100.0, 100.0, 100.0, 100.0]]\n",
      "[[-0.2999999869000049, -0.2499999733999978, -0.3600000025699992, -0.5200000076000002, -0.5564686066000001, -0.4599999965499998, -0.82000000062, -0.4399999630000002, -0.18646855039999544]]\n",
      "5 6\n",
      "0.000202974391 -> -0.000202974391\n",
      "[[100.0, 100.0, 100.0, 100.0, 100.0, 100.0, 100.0, 100.0, 100.0]]\n",
      "[[-0.2999999869000049, -0.2499999733999978, -0.3600000025699992, -0.5200000076000002, -0.5900000006, -0.4194051183499997, -0.7794051224199999, -0.4399999630000002, -0.21999994439999604]]\n",
      "5 7\n",
      "-0.00740260657 -> 0.00740260657\n",
      "[[100.0, 100.0, 100.0, 100.0, 100.0, 100.0, 100.0, 100.0, 100.0]]\n",
      "[[-0.2999999869000049, -0.2499999733999978, -0.3600000025699992, -0.5200000076000002, -0.5900000006, -1.9405213105499999, -0.82000000062, -1.9205212770000009, -0.21999994439999604]]\n",
      "MAS ESTABLE\n",
      "5 8\n",
      "0.0059476225 -> -0.0059476225\n",
      "6 7\n",
      "0.00145061388 -> -0.00145061388\n",
      "[[100.0, 100.0, 100.0, 100.0, 100.0, 100.0, 100.0, 100.0, 100.0]]\n",
      "[[-0.2999999869000049, -0.2499999733999978, -0.3600000025699992, -0.5200000076000002, -0.5900000006, -0.4599999965499998, -0.52987722462, -0.14987718699999975, -0.21999994439999604]]\n",
      "6 8\n",
      "0.00152765888 -> -0.00152765888\n"
     ]
    },
    {
     "name": "stdout",
     "output_type": "stream",
     "text": [
      "[[100.0, 100.0, 100.0, 100.0, 100.0, 100.0, 100.0, 100.0, 100.60367987267337]]\n",
      "[[-0.08604817005210211, -0.2998965674608854, -0.15334858975474575, -0.382293699906477, -0.5162694150535497, -0.5901012117383024, -0.46359045654350906, -0.5135460077018332, -0.4280459413087201]]\n",
      "7 8\n",
      "-0.0198019219 -> 0.0198019219\n",
      "[[100.0, 100.0, 100.0, 100.0, 100.0, 100.0, 100.0, 100.0, 100.0]]\n",
      "[[-0.2999999869000049, -0.2499999733999978, -0.3600000025699992, -0.5200000076000002, -0.5900000006, -0.4599999965499998, -0.82000000062, -4.400384343000001, -4.180384324399997]]\n",
      "MAS ESTABLE\n",
      "El número total de cambios ha sido:  36\n",
      "\n",
      "\n",
      "El número de cambios de negativo a positivo ha sido:  21\n",
      "De los cuales  21  han mantenido una solución estable, siendo  0  distintas de la solución todas las especies en CC\n",
      "De estos cambios que han mantenido solución,  18  han sido más estables que la solución original\n",
      "\n",
      "\n",
      "El número de cambios de positivo a negativo ha sido:  15\n",
      "De los cuales  9  han mantenido una solución estable, siendo  1  distintas de la solución todas las especies en CC\n",
      "De estos cambios que han mantenido solución,  0  han sido más estables que la solución original\n",
      "\n",
      "\n",
      "El número de cambios con más de una solución es:  0\n"
     ]
    }
   ],
   "source": [
    "#f_out = open('Cambios_en_dataset1_parejas','a')\n",
    "cambios=0    #contador del total de cambios\n",
    "contador_p=0  #contador de cambios de negativo a positivo que mantienen una solución estable\n",
    "contador_n=0  #contador de cambios de positivo a negativo que mantienen una solución estable\n",
    "sols_dif_p=0  #contador de cambios de negativo a positivo que obtienen una solución estable distinta de la solución: todas las especies en CC\n",
    "sols_dif_n=0  #contador de cambios de positivo a negativo que obtienen una solución estable distinta de la solución: todas las especies en CC\n",
    "cambio_n_p=0  #contador de cambios de negativo a positivo\n",
    "Lss_original=[-0.2999999869000049, -0.2499999733999978, -0.3600000025699992, -0.5200000076000002, -0.5900000006, -0.4599999965499998, -0.82000000062, -0.4399999630000002, -0.21999994439999604] #autovalores de los parámetros originales (obtenidos en la celda anterior)\n",
    "mas_estable_p=0   #contador de cambios de negativo a positivo que obtienen una solución más estable que la original\n",
    "mas_estable_n=0   #contador de cambios de positivo a negativo que obtienen una solución más estable que la original\n",
    "mas_una_solucion=0    #contador de cambios que obtienen más de una solución estable\n",
    "for i in range(len(b)):\n",
    "    for j in range(i+1,len(b[i])):   #sustituir esta linea por: for j in range(len(b)) si se desean hacer los cambios de singo individuales\n",
    "        print(i,j)\n",
    "        r=[0.3, 0.25, 0.36, 0.52, 0.59, 0.46, 0.82, 0.44, 0.22]\n",
    "        b=[[ 2.43435886e-01, -1.95732475e-01,  4.90237021e-03,\n",
    "         2.91866825e-02,  3.07150441e-04, -1.41175550e-02,\n",
    "        -3.87079546e-04, -6.74236647e-02, -1.71315036e-04],\n",
    "       [-1.95732475e-01,  5.64028304e-01, -8.42092410e-02,\n",
    "        -6.22121972e-02, -7.16102756e-04, -1.11119735e-02,\n",
    "        -3.36312141e-03, -4.65794894e-02, -1.60103704e-01],\n",
    "       [ 4.90237021e-03, -8.42092410e-02,  3.69714717e-02,\n",
    "        -1.73893690e-02, -9.50485010e-04,  5.58443229e-04,\n",
    "        -4.88200033e-05,  2.32359618e-02,  3.69296681e-02],\n",
    "       [ 2.91866825e-02, -6.22121972e-02, -1.73893690e-02,\n",
    "         6.93676410e-02,  1.89860271e-03,  1.09355460e-02,\n",
    "         5.65232836e-04, -2.61723857e-02, -6.17975307e-03],\n",
    "       [ 3.07150441e-04, -7.16102756e-04, -9.50485010e-04,\n",
    "         1.89860271e-03,  5.04159022e-04,  6.05459155e-05,\n",
    "        -9.55755065e-05, -1.17595178e-03,  1.67656970e-04],\n",
    "       [-1.41175550e-02, -1.11119735e-02,  5.58443229e-04,\n",
    "         1.09355460e-02,  6.05459155e-05,  1.49270030e-02,\n",
    "         2.02974391e-04, -7.40260657e-03,  5.94762250e-03],\n",
    "       [-3.87079546e-04, -3.36312141e-03, -4.88200033e-05,\n",
    "         5.65232836e-04, -9.55755065e-05,  2.02974391e-04,\n",
    "         1.48116485e-04,  1.45061388e-03,  1.52765888e-03],\n",
    "       [-6.74236647e-02, -4.65794894e-02,  2.32359618e-02,\n",
    "        -2.61723857e-02, -1.17595178e-03, -7.40260657e-03,\n",
    "         1.45061388e-03,  1.43869444e-01, -1.98019219e-02],\n",
    "       [-1.71315036e-04, -1.60103704e-01,  3.69296681e-02,\n",
    "        -6.17975307e-03,  1.67656970e-04,  5.94762250e-03,\n",
    "         1.52765888e-03, -1.98019219e-02,  1.41684087e-01]]\n",
    "        c=[0.01, 0.01, 0.01, 0.01, 0.01, 0.01, 0.01, 0.01, 0.01]\n",
    "        #f_out.write(str(i)+str(j)+\" = \"+str(b[i][j])+\" -> \")\n",
    "        \n",
    "        b[i][j]=0-b[i][j]   #se realizan los cambios de signo en los parámetros, en este caso por parejas\n",
    "        b[j][i]=0-b[j][i]   #esta línea se eliminaría para hacer los cambios individuales\n",
    "        #f_out.write(str(b[i][j])+'\\n')\n",
    "        print(-b[i][j],'->',b[j][i])\n",
    "        N= len(r)    \n",
    "        params=(r,b,c)\n",
    "        sols_fact_dict, sols_cc_dict = solut_fact_reff_Nsp2(params)  #cálculo de soluciones estacionarias\n",
    "        X_finite=[]\n",
    "        Xss=[]\n",
    "        Lss=[]\n",
    "        for (ns,list_sols),(ni,list_cc) in zip(sols_fact_dict.items(), sols_cc_dict.items()):\n",
    "            if list_sols:        \n",
    "                for X,i_cc in zip(list_sols,list_cc):  #se barre la lista de soluciones y de vectores de carrying capacity\n",
    "                    X_finite.append(X)\n",
    "                    lambdas = lambdas_fact_X_icc_Nsp(X,i_cc,params)  #se calculan los autovalores\n",
    "                    if all(lambdas[i].real<0 for i in range(len(lambdas))):  #se mira si todos tienen parte real negativa\n",
    "                        Xss.append([X[i] for i in range(len(X))])   #se almacena la solución estable\n",
    "                        Lss.append([lambdas[i] for i in range(len(lambdas))])    #se almacena qué especies están en carrying capacity en esa solución\n",
    "        \n",
    "        if len(Xss)>1:\n",
    "            mas_una_solucion=mas_una_solucion+1    #se comprueba si hay más de una solución estable\n",
    "            \n",
    "        if b[i][j]>0:    #cambios de negativo a positivo\n",
    "            cambio_n_p=cambio_n_p+1\n",
    "            if len(Xss)!=0:   #si existe solución estable\n",
    "                #f_out.write(str(Xss)+'\\n')\n",
    "                #f_out.write(str(Lss)+'\\n')\n",
    "                print(Xss)\n",
    "                print(Lss)\n",
    "                contador_p=contador_p+1\n",
    "                if min(Lss_original)>min(Lss[0]): #se comprueba si el valor más negativo de los autovalores originales es mayor que el de los nuevos calculados, si es así, la solución nueva es más estable\n",
    "                    mas_estable_p=mas_estable_p+1\n",
    "                    #f_out.write('MAS ESTABLE\\n')\n",
    "                    print('MAS ESTABLE')\n",
    "                if Xss!=[[100.0, 100.0, 100.0, 100.0, 100.0, 100.0, 100.0, 100.0, 100.0]]:  #se comprueba si la solución es distinta de todos en CC\n",
    "                    sols_dif_p=sols_dif_p+1\n",
    "                    \n",
    "        else:      #cambios de positivo a negativo\n",
    "            if len(Xss)!=0:\n",
    "                #f_out.write(str(Xss)+'\\n')\n",
    "                #f_out.write(str(Lss)+'\\n')\n",
    "                print(Xss)\n",
    "                print(Lss)\n",
    "                contador_n=contador_n+1\n",
    "                if min(Lss_original)>min(Lss[0]):\n",
    "                    mas_estable_n=mas_estable_n+1\n",
    "                    f_out.write('MAS ESTABLE\\n')\n",
    "                if Xss!=[[100.0, 100.0, 100.0, 100.0, 100.0, 100.0, 100.0, 100.0, 100.0]]:\n",
    "                    sols_dif_n=sols_dif_n+1\n",
    "        cambios=cambios+1    \n",
    "\n",
    "print('El número total de cambios ha sido: ',cambios)\n",
    "print('\\n')\n",
    "print('El número de cambios de negativo a positivo ha sido: ',cambio_n_p)\n",
    "print('De los cuales ',contador_p,' han mantenido una solución estable, siendo ',sols_dif_p,' distintas de la solución todas las especies en CC')\n",
    "print('De estos cambios que han mantenido solución, ',mas_estable_p,' han sido más estables que la solución original')\n",
    "print('\\n')\n",
    "print('El número de cambios de positivo a negativo ha sido: ',cambios-cambio_n_p)\n",
    "print('De los cuales ',contador_n,' han mantenido una solución estable, siendo ',sols_dif_n,' distintas de la solución todas las especies en CC')\n",
    "print('De estos cambios que han mantenido solución, ',mas_estable_n,' han sido más estables que la solución original')\n",
    "print('\\n')\n",
    "print('El número de cambios con más de una solución es: ',mas_una_solucion)\n",
    "\n",
    "#f_out.write('El número total de cambios ha sido: '+str(cambios)+'\\n')        \n",
    "#f_out.write('El número de cambios de negativo a positivo ha sido: '+str(cambio_n_p)+'\\n')\n",
    "#f_out.write('\\tDe los cuales '+str(contador_p)+' han mantenido una solución estable, siendo '+str(sols_dif_p)+' distintas de la solución todas las especies en CC\\n')\n",
    "#f_out.write('\\tDe estos cambios que han mantenido solución, '+str(mas_estable_p)+' han sido más estables que la solución original\\n')\n",
    "#f_out.write('El número de cambios de positivo a negativo ha sido: '+str(cambios-cambio_n_p)+'\\n')\n",
    "#f_out.write('\\tDe los cuales '+str(contador_n)+' han mantenido una solución estable, siendo '+str(sols_dif_n)+' distintas de la solución todas las especies en CC\\n')\n",
    "#f_out.write('\\tDe estos cambios que han mantenido solución, '+str(mas_estable_n)+' han sido más estables que la solución original\\n')\n",
    "#f_out.write('El número de cambios con más de una solución es: '+str(mas_una_solucion)+'\\n')\n",
    "#f_out.close()"
   ]
  },
  {
   "cell_type": "code",
   "execution_count": 10,
   "metadata": {},
   "outputs": [
    {
     "name": "stdout",
     "output_type": "stream",
     "text": [
      "-0.00189860271 -> 0.00189860271\n"
     ]
    }
   ],
   "source": []
  }
 ],
 "metadata": {
  "kernelspec": {
   "display_name": "Python 3",
   "language": "python",
   "name": "python3"
  },
  "language_info": {
   "codemirror_mode": {
    "name": "ipython",
    "version": 3
   },
   "file_extension": ".py",
   "mimetype": "text/x-python",
   "name": "python",
   "nbconvert_exporter": "python",
   "pygments_lexer": "ipython3",
   "version": "3.7.1"
  }
 },
 "nbformat": 4,
 "nbformat_minor": 2
}
